For n = 10, m = 20, m/n^2 = 0.200
Mean free-zone size = 20.884
Median free-zone size = 21.000

Dependence on m/n^2:
     m/n^2         m              mean            median
     0.000         0           100.000           100.000
     0.050         5            66.942            67.000
     0.100        10            44.952            45.000
     0.200        20            20.977            21.000
     0.300        30            10.033            10.000
     0.400        40             4.927             4.000
     0.500        50             2.504             2.000
     0.600        60             1.376             1.000
     0.800        80             0.376             0.000
     1.000       100             0.120             0.000
     1.250       125             0.051             0.000
     1.500       150             0.004             0.000
